Epoch	Time(sec)	Loss_train	MAE_train	RMSE_train	R2_train	MAE_val	MAE_test	RMSE_val	RMSE_test	R2_val	R2_test	Lr
1	289.0006	2.2868	1.1881	1.5122	-0.0153	1.1737	1.1917	1.5068	1.5095	0.0149	0.0141	0.001
2	608.4101	1.862	1.0521	1.3646	0.1733	0.9557	0.9601	1.2378	1.2434	0.3353	0.331	0.001
3	916.3334	1.4651	0.9228	1.2104	0.3495	0.8801	0.8977	1.1602	1.169	0.416	0.4087	0.001
4	1239.5938	1.269	0.8543	1.1265	0.4366	0.8374	0.842	1.127	1.1253	0.4489	0.4521	0.001
5	1560.6981	1.1634	0.8046	1.0786	0.4835	0.7886	0.8019	1.0847	1.0843	0.4895	0.4912	0.001
6	1882.1905	1.0918	0.7783	1.0449	0.5153	0.7956	0.8016	1.08	1.0726	0.4939	0.5022	0.001
7	2202.506	1.0444	0.7571	1.0219	0.5363	0.7799	0.7809	1.0738	1.0589	0.4997	0.5148	0.001
8	2515.133	0.9917	0.7343	0.9958	0.5597	0.7623	0.7649	1.0615	1.0408	0.5111	0.5313	0.001
9	2843.0375	0.9622	0.7189	0.9809	0.5728	0.7619	0.7615	1.0679	1.0485	0.5053	0.5243	0.001
10	3162.9946	0.9363	0.7099	0.9676	0.5843	0.7672	0.764	1.0606	1.0413	0.5119	0.5309	0.001
11	3483.0704	0.9267	0.7017	0.9627	0.5886	0.7524	0.754	1.0549	1.0388	0.5172	0.5331	0.001
12	3800.3991	0.8907	0.6894	0.9438	0.6045	0.7465	0.7538	1.0536	1.0422	0.5184	0.53	0.001
13	4116.2381	0.8954	0.6872	0.9462	0.6025	0.7809	0.773	1.0692	1.0453	0.504	0.5272	0.0009000000000000001
14	4438.8168	0.8818	0.6817	0.9391	0.6085	0.7512	0.7463	1.0612	1.0342	0.5114	0.5372	0.0009000000000000001
15	4752.8987	0.8586	0.6725	0.9266	0.6188	0.7539	0.7428	1.0573	1.0272	0.515	0.5435	0.0009000000000000001
16	5073.838	0.8553	0.6666	0.9248	0.6203	0.7393	0.7379	1.0472	1.0271	0.5243	0.5436	0.0008100000000000001
17	5394.8374	0.828	0.6558	0.9099	0.6324	0.7602	0.7525	1.0544	1.0283	0.5176	0.5425	0.0008100000000000001
18	5721.5361	0.8339	0.6587	0.9132	0.6298	0.7342	0.7342	1.0509	1.0254	0.5208	0.545	0.0008100000000000001
19	6038.9773	0.8345	0.6516	0.9135	0.6295	0.7437	0.743	1.0494	1.0267	0.5222	0.5439	0.000729
20	6360.0068	0.8045	0.6424	0.8969	0.6428	0.7275	0.7389	1.0365	1.0192	0.5339	0.5506	0.000729
21	6683.1771	0.8017	0.6397	0.8954	0.6441	0.7451	0.742	1.0398	1.0206	0.5309	0.5493	0.000729
22	7007.4259	0.8032	0.6389	0.8962	0.6434	0.7279	0.7268	1.0292	1.0127	0.5404	0.5563	0.000729
23	7324.3001	0.7902	0.6361	0.8889	0.6492	0.7543	0.7502	1.0455	1.026	0.5258	0.5446	0.0006561000000000001
24	7651.146	0.7702	0.627	0.8776	0.658	0.7348	0.7334	1.0422	1.0219	0.5287	0.5482	0.0006561000000000001
25	7966.0473	0.7817	0.6293	0.8841	0.653	0.732	0.7384	1.0366	1.0218	0.5338	0.5483	0.0006561000000000001
26	8292.12	0.7779	0.6281	0.882	0.6546	0.7335	0.7397	1.0404	1.0275	0.5304	0.5432	0.00059049
27	8612.0553	0.7626	0.6197	0.8733	0.6614	0.7423	0.7437	1.0405	1.0237	0.5303	0.5466	0.00059049
28	8925.9494	0.7651	0.6196	0.8747	0.6603	0.7276	0.7305	1.0364	1.0164	0.534	0.553	0.00059049
29	9242.4986	0.7505	0.6132	0.8663	0.6668	0.7328	0.7416	1.0359	1.0248	0.5345	0.5456	0.000531441
30	9557.1932	0.7366	0.6062	0.8583	0.673	0.7312	0.7432	1.0332	1.0272	0.5369	0.5435	0.000531441
31	9881.8223	0.7325	0.6058	0.8558	0.6748	0.7226	0.7288	1.0394	1.0191	0.5313	0.5507	0.000531441
32	10208.2556	0.7338	0.6045	0.8566	0.6742	0.7209	0.7333	1.0367	1.0233	0.5337	0.5469	0.000531441
33	10524.6451	0.7326	0.6041	0.8559	0.6747	0.7265	0.734	1.033	1.0185	0.537	0.5512	0.0004782969
34	10848.7766	0.7242	0.6006	0.851	0.6785	0.7174	0.7274	1.0243	1.013	0.5449	0.556	0.0004782969
35	11172.4916	0.7048	0.5945	0.8395	0.6871	0.726	0.7325	1.0314	1.0197	0.5385	0.5501	0.0004782969
36	11486.9512	0.7093	0.595	0.8422	0.6851	0.704	0.717	1.0237	1.0122	0.5454	0.5567	0.00043046721
37	11809.3365	0.7021	0.5909	0.8379	0.6883	0.7178	0.7235	1.0303	1.0103	0.5394	0.5583	0.00043046721
38	12122.5525	0.6846	0.585	0.8274	0.696	0.7117	0.7223	1.021	1.0136	0.5477	0.5554	0.00043046721
39	12438.8446	0.6903	0.5819	0.8309	0.6935	0.6967	0.7149	1.0128	1.0119	0.555	0.5569	0.000387420489
40	12757.9964	0.6786	0.5792	0.8238	0.6987	0.7028	0.7157	1.0116	1.0041	0.556	0.5637	0.000387420489
41	13074.5862	0.68	0.577	0.8246	0.6981	0.7028	0.7163	1.0265	1.013	0.5428	0.556	0.000387420489
42	13394.6308	0.6673	0.573	0.8169	0.7037	0.7019	0.7154	1.0183	1.0068	0.5501	0.5614	0.000387420489
43	13713.8501	0.6612	0.5709	0.8132	0.7064	0.7128	0.7246	1.0306	1.012	0.5392	0.5569	0.0003486784401
44	14032.8336	0.662	0.5716	0.8136	0.7061	0.6971	0.7111	1.017	1.0016	0.5513	0.566	0.0003486784401
45	14349.2253	0.6508	0.5612	0.8067	0.711	0.6971	0.7156	1.0147	1.0079	0.5533	0.5604	0.0003486784401
46	14670.3561	0.6538	0.566	0.8086	0.7097	0.7068	0.723	1.0173	1.0139	0.551	0.5552	0.00031381059609000004
47	14922.0807	0.6409	0.5582	0.8006	0.7155	0.6897	0.6999	1.0039	0.998	0.5628	0.569	0.00031381059609000004
48	15136.7767	0.6429	0.5573	0.8018	0.7146	0.6981	0.7091	1.0133	1.007	0.5545	0.5613	0.00031381059609000004
49	15352.8334	0.6292	0.5551	0.7932	0.7206	0.6894	0.7079	1.0105	1.0051	0.557	0.5629	0.00028242953648100003
50	15568.0043	0.6249	0.5503	0.7905	0.7226	0.6797	0.7045	0.9978	1.0043	0.5681	0.5635	0.00028242953648100003
51	15787.0564	0.6198	0.5499	0.7873	0.7248	0.6788	0.704	1.003	1.0065	0.5636	0.5616	0.00028242953648100003
52	16013.8239	0.6141	0.5462	0.7836	0.7274	0.697	0.7058	1.0049	1.0002	0.5619	0.5672	0.00028242953648100003
53	16216.6827	0.6109	0.5452	0.7816	0.7288	0.6755	0.7013	0.9982	1.0023	0.5677	0.5653	0.00025418658283290005
54	16399.0659	0.6076	0.5435	0.7795	0.7302	0.6819	0.703	1.0007	1.003	0.5656	0.5647	0.00025418658283290005
55	16582.6813	0.6001	0.5364	0.7746	0.7336	0.6795	0.7084	0.9989	1.011	0.5671	0.5577	0.00025418658283290005
56	16764.8407	0.6018	0.5357	0.7758	0.7328	0.6746	0.702	0.9956	1.0007	0.5699	0.5667	0.00022876792454961005
57	16945.9138	0.5787	0.5286	0.7607	0.7431	0.679	0.6955	1.0019	0.996	0.5645	0.5708	0.00022876792454961005
58	17128.7396	0.5769	0.5267	0.7596	0.7438	0.6761	0.6934	0.9988	0.9966	0.5672	0.5702	0.00022876792454961005
59	17312.1341	0.5846	0.5272	0.7646	0.7404	0.6751	0.6925	0.9976	0.9921	0.5683	0.5741	0.00020589113209464906
60	17496.5072	0.5734	0.5238	0.7572	0.7454	0.6729	0.6967	0.9919	0.9967	0.5732	0.5701	0.00020589113209464906
61	17680.4317	0.5771	0.5221	0.7597	0.7438	0.6736	0.6972	0.995	0.9974	0.5705	0.5695	0.00020589113209464906
62	17863.343	0.5756	0.5202	0.7587	0.7444	0.6743	0.7043	0.9971	1.0075	0.5686	0.5608	0.00020589113209464906
63	18044.4588	0.5624	0.5161	0.7499	0.7503	0.6764	0.698	0.9981	1.0048	0.5678	0.5632	0.00018530201888518417
64	18226.5672	0.5608	0.5144	0.7489	0.751	0.6681	0.6959	0.9901	1.0027	0.5747	0.5649	0.00018530201888518417
65	18409.6581	0.5549	0.5142	0.7449	0.7536	0.6676	0.6971	0.9902	1.0015	0.5746	0.566	0.00018530201888518417
66	18592.4021	0.5467	0.5102	0.7394	0.7573	0.6769	0.6983	1.0096	1.0082	0.5578	0.5602	0.00016677181699666576
67	18776.2523	0.5459	0.5106	0.7388	0.7576	0.6743	0.6997	0.9931	0.9942	0.5722	0.5723	0.00016677181699666576
68	18959.8412	0.5496	0.5092	0.7413	0.756	0.6689	0.689	0.9946	0.9938	0.5708	0.5727	0.00016677181699666576
69	19143.3616	0.5426	0.5074	0.7366	0.7591	0.6695	0.6922	0.9968	0.9974	0.5689	0.5695	0.0001500946352969992
70	19326.8353	0.5357	0.5008	0.7319	0.7622	0.6783	0.6961	1.0016	0.9992	0.5647	0.568	0.0001500946352969992
71	19509.7864	0.5383	0.5023	0.7337	0.761	0.6629	0.6882	0.9902	0.9936	0.5746	0.5728	0.0001500946352969992
72	19693.6283	0.5365	0.5043	0.7325	0.7618	0.6619	0.6873	0.9933	1.0003	0.5719	0.5671	0.0001500946352969992
73	19877.253	0.5203	0.4919	0.7213	0.769	0.6655	0.6848	0.9942	0.9961	0.5712	0.5707	0.0001350851717672993
74	20061.1705	0.5198	0.4927	0.721	0.7692	0.667	0.6938	0.9915	1.0022	0.5735	0.5654	0.0001350851717672993
75	20244.5113	0.5215	0.4949	0.7222	0.7685	0.6691	0.6879	0.9996	0.9958	0.5665	0.5709	0.0001350851717672993
76	20428.5706	0.5257	0.4986	0.7251	0.7666	0.6659	0.6825	0.9918	0.9899	0.5732	0.576	0.00012157665459056936
77	20613.4216	0.5151	0.4902	0.7177	0.7713	0.6727	0.6898	0.9892	0.9969	0.5754	0.57	0.00012157665459056936
78	20795.3592	0.5034	0.4838	0.7095	0.7765	0.6614	0.6813	0.9829	0.9898	0.5809	0.576	0.00012157665459056936
79	20979.9265	0.506	0.4861	0.7113	0.7754	0.6675	0.6904	0.9904	0.9997	0.5745	0.5676	0.00010941898913151243
80	21164.1159	0.4989	0.481	0.7063	0.7785	0.6691	0.6838	0.9939	0.9942	0.5714	0.5723	0.00010941898913151243
81	21345.9063	0.4943	0.4798	0.7031	0.7805	0.6611	0.6826	0.9906	0.999	0.5742	0.5682	0.00010941898913151243
82	21528.6133	0.4946	0.4786	0.7033	0.7804	0.6644	0.6836	0.9884	0.9888	0.5762	0.577	0.00010941898913151243
83	21711.4184	0.4905	0.4757	0.7003	0.7822	0.6638	0.678	0.9953	0.9885	0.5702	0.5772	9.847709021836118e-05
84	21895.3309	0.5045	0.482	0.7103	0.776	0.6592	0.6759	0.9898	0.9817	0.575	0.583	9.847709021836118e-05
85	22079.548	0.4899	0.4775	0.6999	0.7825	0.6593	0.673	0.9872	0.9825	0.5772	0.5823	9.847709021836118e-05
86	22262.4632	0.4837	0.4759	0.6955	0.7852	0.6562	0.6696	0.9871	0.9839	0.5773	0.5811	8.862938119652506e-05
87	22445.8714	0.4862	0.475	0.6972	0.7842	0.6575	0.6786	0.9928	0.9942	0.5723	0.5724	8.862938119652506e-05
88	22629.3062	0.4762	0.4702	0.6901	0.7886	0.6599	0.6818	0.9892	0.9927	0.5754	0.5736	8.862938119652506e-05
89	22812.5863	0.4764	0.4688	0.6902	0.7885	0.6555	0.6722	0.9909	0.9876	0.574	0.5779	7.976644307687256e-05
90	22995.8532	0.477	0.4711	0.6907	0.7882	0.669	0.6862	1.0001	0.9982	0.566	0.5689	7.976644307687256e-05
91	23179.5072	0.4817	0.4719	0.694	0.7861	0.6632	0.6753	0.994	0.9868	0.5713	0.5787	7.976644307687256e-05
92	23362.4847	0.4735	0.4664	0.6881	0.7898	0.659	0.6702	0.9953	0.9887	0.5702	0.577	7.976644307687256e-05
93	23547.1528	0.4727	0.4659	0.6875	0.7901	0.6592	0.6744	0.9923	0.9886	0.5728	0.5771	7.17897987691853e-05
94	23729.8358	0.4624	0.4617	0.68	0.7947	0.6568	0.6718	0.9909	0.9857	0.574	0.5796	7.17897987691853e-05
95	23913.9164	0.4527	0.4601	0.6728	0.799	0.6562	0.6729	0.9912	0.9866	0.5737	0.5789	7.17897987691853e-05
96	24097.1686	0.4664	0.4604	0.6829	0.7929	0.6528	0.6731	0.9829	0.9848	0.5809	0.5804	6.461081889226677e-05
97	24280.4574	0.4565	0.457	0.6756	0.7973	0.659	0.6751	0.9899	0.9908	0.5749	0.5753	6.461081889226677e-05
98	24464.5471	0.4598	0.4582	0.6781	0.7959	0.6543	0.6741	0.9875	0.988	0.577	0.5777	6.461081889226677e-05
99	24647.6102	0.4512	0.4558	0.6717	0.7997	0.6634	0.6816	0.9919	0.9906	0.5731	0.5754	5.81497370030401e-05
100	24831.8564	0.4501	0.4556	0.6709	0.8060	0.6532	0.6772	0.9894	0.9937	0.5753	0.5786	5.81497370030401e-05
