0.6027
0.4042
0.4326
0.4647
0.3251
0.3700
0.5644
0.4742
0.7515
0.7626
0.9035
0.8336
0.7957
0.6855
0.6032
0.5839
0.4986
0.3167
0.5429
0.4825
0.4827
0.5100
0.4384
0.4325
0.4622
0.5700
0.4351
0.4243
0.4306
0.4964
0.3832
0.4788
0.4667
0.3317
0.3761
0.4767
0.2780
0.3817
0.4804
0.4043
0.3124
0.4350
0.3997
0.4423
0.4902
0.5875
0.3926
0.4461
0.6440
0.5022
0.4779
0.5931
0.5589
0.5761
0.4330
0.3335
0.2752
0.3832
0.3104
0.3273
0.4373
0.4618
0.3757
0.5740
0.5688
0.5934
0.4975
0.3424
0.3757
0.4899
0.5168
0.5394
0.5173
0.4393
0.5022
0.5174
0.5175
0.4012
0.3630
0.4941
0.3525
0.2177
0.3991
0.2348
0.2477
0.2727
0.3333
0.2485
0.1880
0.3542
0.2020
0.2340
0.1979
0.2671
0.4268
0.3396
0.4711
0.5032
0.3846
0.2804
0.3400
0.2822
0.3113
0.2971
0.2810
0.1862
0.1393
0.0817
0.2748
0.2697
0.1453
0.3494
0.3845
0.2617
0.1773
0.2160
0.1766
0.3275
0.3106
0.3538
0.3392
0.3724
0.3965
0.4685
0.3844
0.2642
0.3158
0.4497
0.3996
0.4121
0.3468
0.2139
0.2864
0.3575
0.5634
0.5334
0.4459
0.4673
0.4257
0.3541
0.4017
0.4310
0.4967
0.5709
0.5739
0.5616
0.4344
0.4714
0.4652
0.3772
0.3434
0.3530
0.3113
0.3849
0.4795
0.3590
0.3275
0.4763
0.6062
0.6126
0.5228
0.5463
0.5212
0.5328
0.3949
0.5213
0.5562
0.5425
0.7508
0.7914
0.7143
0.6771
0.5246
0.4603
0.3420
0.5489
0.5698
0.5101
0.5366
0.5605
0.6227
0.6055
0.4606
0.4666
0.4730
0.5015
0.4710
0.5630
0.4881
0.5179
0.5486
0.5518
0.5860
0.5326
0.6413
0.5792
0.4324
0.4313
0.5077
0.1762
0.0142
0.4286
0.3151
0.2441
0.3573
0.3622
0.3321
0.2172
0.0900
0.3616
0.6366
0.6240
0.7411
0.7475
0.7434
0.4739
0.4866
0.8613
0.9535
0.8314
0.9377
0.9102
0.6929
0.5743
0.5394
0.4609
0.0976
0.1257
0.1858
0.0911
0.0000
0.1662
0.0764
0.1160
0.2918
0.3571
0.4360
0.5372
0.5050
0.3021
0.2373
0.2129
0.2515
0.1772
0.3105
0.2970
0.4311
0.3646
0.4625
0.4213
0.2818
0.4563
0.3694
0.4505
0.6291
0.4763
0.4457
0.2452
0.4052
0.3743
0.4316
0.5464
0.2590
0.4706
0.5382
0.5018
0.4064
0.4000
0.4532
0.2324
0.3501
0.2970
0.1015
0.2218
0.3445
0.2008
0.1952
0.0809
0.1201
0.1848
0.2771
0.3526
0.3333
0.3964
0.3923
0.5485
0.6964
0.5466
0.6591
0.6094
0.7093
0.7571
0.6757
0.5288
0.5344
0.6686
0.5954
0.7581
0.6047
0.5300
0.4679
0.4346
0.3889
0.5269
0.5629
0.4724
0.4827
0.5949
0.7557
0.7421
0.5879
0.5159
0.5362
0.5449
0.6866
0.5561
0.7410
0.5992
0.5584
0.4108
0.4720
0.4328
0.3779
0.2789
0.3134
0.4291
0.2754
0.2713
0.4447
0.4276
0.3309
0.4344
0.3333
0.4636
0.4708
1.0000
0.7881
0.9660
0.7160
0.7267
0.6453
0.5724
0.6027
0.3980
0.4575
0.4056
0.5118
0.4863
0.5068
0.5454
0.5847
0.8279
0.5604
0.5354
0.6468
0.7009
0.4848
0.3243
0.4432
0.4011
0.5178
0.4477
0.4988
0.6936
0.7796
0.7007
0.4870
0.5446
0.6585
0.7706
0.8291
0.6447
0.9143
0.8854
0.7027
0.8658
0.8877
0.6199
0.6227
0.5565
0.5876
0.5401
0.5335
0.5732
0.5871
0.6186
0.6128
0.5281
0.6087
0.6776
0.6272
0.6591
0.5692
0.5505
0.5397
0.6225
0.5019
0.4993
0.5306
0.6885
0.6543
0.5016
0.5025
0.6216
0.4850
0.7169
0.5341
0.7011
0.8445
0.7452
0.5452
0.5543
0.5481
0.4948
0.4510
0.4035
0.4527
